7.581296296296296
7.807592592592592
6.059814814814815
6.787037037037037
6.412592592592593
6.8042592592592595
6.355925925925926
6.837962962962963
6.829259259259259
7.265555555555555
5.783703703703703
5.720185185185185
5.239259259259259
5.455
6.261666666666667
6.793703703703704
5.199259259259259
4.594074074074074
4.82037037037037
5.140185185185185
3.8666666666666667
4.684444444444445
9.603333333333333
4.108888888888889
3.917777777777778
4.121296296296296
3.824074074074074
4.452962962962963
4.553333333333334
4.0311111111111115
3.5457407407407406
4.44962962962963
4.108888888888889
3.492037037037037
4.103518518518518
7.968333333333334
4.533333333333333
3.160925925925926
3.466851851851852
5.993888888888889
3.725185185185185
3.5735185185185183
3.297037037037037
3.746111111111111
3.4144444444444444
3.0575925925925924
3.386111111111111
3.2085185185185185
3.1424074074074073
3.1077777777777778
